2.5000000e-002  4.6000000e+001  5.0000000e-002
  7.7500000e-002  2.4000000e+001  5.5000000e-002
  1.3525000e-001  1.3500000e+002  6.0500000e-002
  1.9877500e-001  1.8600000e+002  6.6550000e-002
  2.6865250e-001  1.6500000e+002  7.3205000e-002
  3.4551775e-001  1.6000000e+002  8.0525500e-002
  4.3006953e-001  1.6100000e+002  8.8578050e-002
  5.2307648e-001  1.4700000e+002  9.7435855e-002
  6.2538413e-001  1.1400000e+002  1.0717944e-001
  7.3792254e-001  9.0000000e+001  1.1789738e-001
  8.6171479e-001  6.8000000e+001  1.2968712e-001
  9.9788627e-001  3.1000000e+001  1.4265584e-001
  1.1476749e+000  1.5000000e+001  1.5692142e-001
  1.3124424e+000  8.0000000e+000  1.7261356e-001
  1.4936866e+000  3.0000000e+000  1.8987492e-001
  1.6930553e+000  2.0000000e+000  2.0886241e-001
  1.9123608e+000  1.0000000e+000  2.2974865e-001
  2.1535969e+000  0.0000000e+000  2.5272351e-001
  2.4189566e+000  2.0000000e+000  2.7799587e-001
  2.7108522e+000  1.0000000e+000  3.0579545e-001
  3.0319375e+000  1.0000000e+000  3.3637500e-001
  3.3851312e+000  1.0000000e+000  3.7001250e-001
  3.7736443e+000  1.0000000e+000  4.0701375e-001
  4.2010088e+000  0.0000000e+000  4.4771512e-001
  4.6711097e+000  1.0000000e+000  4.9248663e-001
  5.1882206e+000  1.0000000e+000  5.4173530e-001
  5.7570427e+000  0.0000000e+000  5.9590883e-001
  6.3827470e+000  0.0000000e+000  6.5549971e-001
  7.0710216e+000  0.0000000e+000  7.2104968e-001
  7.8281238e+000  0.0000000e+000  7.9315465e-001
